concept,doculect,counterpart,cogid,lpID
I,KATE,no,1,1
I,MAPE_2,no,1,1
I,DEDUA,ni,2,1
I,HUBE,ni,2,1
I,TOBO,ni,2,1
I,KOSORONG,ni,2,1
I,MINDIK,ni,2,1
I,BURUM,ni,2,1
I,ONO,na,1,1
I,KOMBA,no,1,1
I,SELEPET,no,1,1
I,TIMBE,no,1,1
I,NABAK,n3N,1,1
I,MOMOLILI,na,1,1
thou,KATE,go,1,469
thou,MAPE_2,go,1,469
thou,DEDUA,ge,2,469
thou,HUBE,gi,2,469
thou,TOBO,gi,2,469
thou,KOSORONG,gi,2,469
thou,MINDIK,gi,2,469
thou,BURUM,gi,2,469
thou,ONO,ge,2,469
thou,KOMBA,go,1,469
thou,SELEPET,go,1,469
thou,TIMBE,go,1,469
thou,NABAK,g3N,1,469
thou,MOMOLILI,ga,1,469
we,KATE,noNo7,1,501
we,MAPE_2,noNu,1,501
we,DEDUA,nini,2,501
we,HUBE,nini,2,501
we,TOBO,nini,2,501
we,KOSORONG,nono,1,501
we,MINDIK,nini,2,501
we,BURUM,nini,2,501
we,ONO,Nedo,3,502
we,KOMBA,nen,2,501
we,SELEPET,nen,2,501
we,TIMBE,nen,2,501
we,NABAK,nin,2,501
we,MOMOLILI,ni,2,501
this,KATE,ci,1,463
this,MAPE_2,oi,2,467
this,DEDUA,i,3,461
this,HUBE,i,3,461
this,TOBO,mu,4,462
this,KOSORONG,i,3,461
this,MINDIK,mu,4,462
this,BURUM,ke,5,468
this,ONO,i,3,461
this,KOMBA,zi,1,463
this,SELEPET,yu,6,464
this,TIMBE,i,3,461
this,NABAK,kapi,7,465
this,MOMOLILI,wi,8,466
that,KATE,i,1,459
that,MAPE_2,o,2,457
that,DEDUA,yo,3,452
that,HUBE,yo,3,460
that,TOBO,mi,4,451
that,KOSORONG,lo,3,458
that,MINDIK,me,4,451
that,BURUM,me,4,451
that,ONO,eri,5,454
that,KOMBA,zo,3,452
that,SELEPET,ya,3,452
that,TIMBE,ido,6,453
that,NABAK,ke,7,455
that,MOMOLILI,mei,4,456
who,KATE,mo7,1,524
who,MAPE_2,mo7,1,524
who,DEDUA,moN,1,522
who,HUBE,moN,1,522
who,TOBO,moN,1,522
who,KOSORONG,moN,1,522
who,MINDIK,moN,2,522
who,BURUM,kun,2,528
who,ONO,mane,3,522
who,KOMBA,Nai,4,527
who,SELEPET,olo,5,523
who,TIMBE,kio,6,525
who,NABAK,kureki,7,526
who,MOMOLILI,ala,5,523
what,KATE,wemo,1,506
what,MAPE_2,wamo,1,506
what,DEDUA,dafi,2,507
what,HUBE,nemak,3,503
what,TOBO,nomat,3,503
what,KOSORONG,namuNak,4,503
what,MINDIK,nowo,5,511
what,BURUM,wania,6,505
what,ONO,onoka,7,509
what,KOMBA,wan,6,504
what,SELEPET,wuon,6,508
what,TIMBE,wan,6,504
what,NABAK,pitne,8,510
what,MOMOLILI,wana,6,505
not,KATE,mi,1,313
not,MAPE_2,so,2,319
not,DEDUA,mi,1,313
not,HUBE,munda,3,312
not,TOBO,mondo,3,312
not,KOSORONG,mende,3,312
not,MINDIK,kp~aho,4,314
not,BURUM,kp~ahop,4,314
not,ONO,mi,1,313
not,KOMBA,mo,1,320
not,SELEPET,ki,5,316
not,TIMBE,bo,6,315
not,NABAK,ku,5,317
not,MOMOLILI,k3m,7,318
all,KATE,sasawa,1,2
all,MAPE_2,sosowo,1,2
all,DEDUA,sasawa,1,2
all,HUBE,mokcoN,2,12
all,TOBO,eNalek,3,4
all,KOSORONG,kuya,4,9
all,MINDIK,moketaNi,5,8
all,BURUM,kp~akp~ak,6,11
all,ONO,korop,7,7
all,KOMBA,aksik,8,10
all,SELEPET,kerek,9,6
all,TIMBE,horowok,10,5
all,NABAK,ilinsakpep,11,3
all,MOMOLILI,p3s3kpep,12,3
many,KATE,bo7yaha,1,252
many,MAPE_2,boiaha,1,254
many,DEDUA,homak,2,249
many,HUBE,sasara,3,247
many,TOBO,sesia,3,247
many,KOSORONG,mamagu,4,251
many,MINDIK,seseNi,3,247
many,BURUM,gotpok,5,253
many,ONO,louloutNe,6,250
many,KOMBA,biwiro,7,246
many,SELEPET,biwiro,7,246
many,TIMBE,biwiro,7,246
many,NABAK,kilisik,8,248
many,MOMOLILI,kirisi,8,248
one,KATE,moyaha,1,324
one,MAPE_2,mokotoN,2,321
one,DEDUA,mokgu,1,323
one,HUBE,momakgu,1,323
one,TOBO,mohok,3,321
one,KOSORONG,motoNgok,4,328
one,MINDIK,mokuN,1,321
one,BURUM,mohot,3,321
one,ONO,weku,5,327
one,KOMBA,konok,6,322
one,SELEPET,konok,6,322
one,TIMBE,konok,6,322
one,NABAK,kpep,7,326
one,MOMOLILI,kpeci,7,325
two,KATE,yayahe7,1,488
two,MAPE_2,yoyokak,1,488
two,DEDUA,yohokaN,1,491
two,HUBE,rehek,2,490
two,TOBO,rohot,2,492
two,KOSORONG,woik,3,487
two,MINDIK,woit,3,487
two,BURUM,yahat,2,489
two,ONO,etke,4,495
two,KOMBA,zohot,2,489
two,SELEPET,yohop,2,494
two,TIMBE,louwo,5,493
two,NABAK,cut,6,496
two,MOMOLILI,ceba,7,497
big,KATE,ko7gbene,1,34
big,MAPE_2,yasogo,2,32
big,DEDUA,kuneN,3,27
big,HUBE,kuneN,3,27
big,TOBO,baia,4,28
big,KOSORONG,somata,5,33
big,MINDIK,ketaNi,6,25
big,BURUM,ketaNi,6,25
big,ONO,suaine,7,30
big,KOMBA,pato,8,26
big,SELEPET,pato,8,26
big,TIMBE,humo,9,29
big,NABAK,taemba,10,31
big,MOMOLILI,k3itn,11,25
long,KATE,cori7ne,1,231
long,MAPE_2,coraikne,1,231
long,DEDUA,herea,2,232
long,HUBE,horua,2,232
long,TOBO,korua,2,232
long,KOSORONG,koriga,2,232
long,MINDIK,koripNi,2,231
long,BURUM,koripNi,2,231
long,ONO,kiroine,2,232
long,KOMBA,korep,2,231
long,SELEPET,kolip,2,231
long,TIMBE,kolip,2,231
long,NABAK,tepm3N,3,234
long,MOMOLILI,kepm,4,233
small,KATE,piti7ne,1,412
small,MAPE_2,mendakne,2,409
small,DEDUA,kapia,3,413
small,HUBE,komoga,4,403
small,TOBO,komora,4,403
small,KOSORONG,merak,5,410
small,MINDIK,komokNi,4,403
small,BURUM,moroNi,6,414
small,ONO,nigatne,7,406
small,KOMBA,moikto,8,411
small,SELEPET,tipiNe,9,405
small,TIMBE,boleNe,10,404
small,NABAK,isikN3n,11,407
small,MOMOLILI,namzi,12,408
woman,KATE,Noka7,1,531
woman,MAPE_2,Nigok,1,531
woman,DEDUA,Nak,1,533
woman,HUBE,embak,2,529
woman,TOBO,embat,2,529
woman,KOSORONG,embak,2,529
woman,MINDIK,ambi,2,529
woman,BURUM,ambi,2,529
woman,ONO,Nerep,3,532
woman,KOMBA,abon,2,530
woman,SELEPET,ibi,2,530
woman,TIMBE,oboi,2,530
woman,NABAK,imbi,2,529
woman,MOMOLILI,imbi,2,529
man,KATE,Ni7,1,237
man,MAPE_2,Nik,1,237
man,DEDUA,Nik,1,237
man,HUBE,ik,1,237
man,TOBO,ip,1,237
man,KOSORONG,ecak,2,238
man,MINDIK,aiwi,3,244
man,BURUM,aci,4,238
man,ONO,Nei,1,241
man,KOMBA,a,5,245
man,SELEPET,lok,6,240
man,TIMBE,luok,6,239
man,NABAK,an,5,242
man,MOMOLILI,a*,5,243
bird,KATE,wipe,1,36
bird,MAPE_2,woro,2,38
bird,DEDUA,neN,3,35
bird,HUBE,nei,3,35
bird,TOBO,ni,3,35
bird,KOSORONG,koN,4,37
bird,MINDIK,nei,3,35
bird,BURUM,nei,3,35
bird,ONO,naNi,3,35
bird,KOMBA,ni,3,35
bird,SELEPET,noi,3,35
bird,TIMBE,laut,5,41
bird,NABAK,aga,6,40
bird,MOMOLILI,lau,5,39
dog,KATE,kp~oto,1,114
dog,MAPE_2,kp~oro,1,114
dog,DEDUA,kasi,2,111
dog,HUBE,kacu,2,111
dog,TOBO,kiam,3,112
dog,KOSORONG,kasuk,2,111
dog,MINDIK,kiam,3,112
dog,BURUM,kiam,3,112
dog,ONO,kasi,2,111
dog,KOMBA,wau,4,116
dog,SELEPET,soso,5,115
dog,TIMBE,dua,6,113
dog,NABAK,tam,7,113
dog,MOMOLILI,ta,7,113
louse,KATE,imeN,1,235
louse,MAPE_2,imeN,1,235
louse,DEDUA,yomiN,1,235
louse,HUBE,imin,1,235
louse,TOBO,imin,1,235
louse,KOSORONG,imoN,1,235
louse,MINDIK,imin,1,235
louse,BURUM,imin,1,235
louse,ONO,emen,1,235
louse,KOMBA,imen,1,235
louse,SELEPET,imen,1,235
louse,TIMBE,imen,1,235
louse,NABAK,emin,1,235
louse,MOMOLILI,l3m,2,236
tree,KATE,yo7,1,484
tree,MAPE_2,yok,1,484
tree,DEDUA,ik,2,482
tree,HUBE,ik,2,482
tree,TOBO,ip,2,481
tree,KOSORONG,ik,2,482
tree,MINDIK,ip,2,481
tree,BURUM,ip,2,481
tree,ONO,eki,3,486
tree,KOMBA,nak,4,483
tree,SELEPET,nak,4,483
tree,TIMBE,lowin,5,485
tree,NABAK,t3p,6,481
tree,MOMOLILI,t3,6,481
seed,KATE,hondoN,1,378
seed,MAPE_2,fonoN,2,378
seed,DEDUA,honduN,1,378
seed,HUBE,gokme,3,381
seed,TOBO,gopi,4,380
seed,KOSORONG,kota,5,377
seed,MINDIK,kot,5,377
seed,BURUM,kot,5,377
seed,ONO,wau,6,379
seed,KOMBA,ket,7,377
seed,SELEPET,kehet,7,377
seed,TIMBE,kodet,8,377
seed,NABAK,k3t,5,377
seed,MOMOLILI,k3t,5,377
leaf,KATE,reha7,1,228
leaf,MAPE_2,rekak,1,228
leaf,DEDUA,mari,2,229
leaf,HUBE,hareN,3,226
leaf,TOBO,karem,3,226
leaf,KOSORONG,seN,4,225
leaf,MINDIK,sin,4,225
leaf,BURUM,sin,4,225
leaf,ONO,meti,5,230
leaf,KOMBA,in,4,225
leaf,SELEPET,esen,4,227
leaf,TIMBE,esen,4,227
leaf,NABAK,sin,4,225
leaf,MOMOLILI,sin,4,225
root,KATE,goto,1,350
root,MAPE_2,goru,1,350
root,DEDUA,gode,1,350
root,HUBE,gete,1,351
root,TOBO,onde,2,351
root,KOSORONG,tita,3,351
root,MINDIK,calo,4,353
root,BURUM,calo,4,353
root,ONO,Nodi,5,355
root,KOMBA,odoN,2,350
root,SELEPET,gihit,6,354
root,TIMBE,kodoro,7,350
root,NABAK,kindi,7,352
root,MOMOLILI,kindiri,7,352
skin,KATE,saha7,1,391
skin,MAPE_2,mocu,2,389
skin,DEDUA,sebi,3,390
skin,HUBE,sewira,3,388
skin,TOBO,sowol,3,388
skin,KOSORONG,sele,4,387
skin,MINDIK,sele,4,387
skin,BURUM,sile,4,387
skin,ONO,solai,4,387
skin,KOMBA,sok,5,386
skin,SELEPET,hok,5,386
skin,TIMBE,hok,5,386
skin,NABAK,s3k,5,386
skin,MOMOLILI,s3k,5,386
meat,KATE,bihu7,1,255
meat,MAPE_2,biu,1,255
meat,DEDUA,fusi,2,255
meat,HUBE,busi,2,255
meat,TOBO,busi,2,255
meat,KOSORONG,busi,2,255
meat,MINDIK,busu,2,255
meat,BURUM,busu,2,255
meat,ONO,biku,1,257
meat,KOMBA,sunum,3,256
meat,SELEPET,sunum,3,256
meat,TIMBE,sunum,3,256
meat,NABAK,s3sumbaN,4,258
meat,MOMOLILI,mirik,5,259
blood,KATE,so7,1,56
blood,MAPE_2,dari,2,59
blood,DEDUA,sawa,1,56
blood,HUBE,sawa,1,56
blood,TOBO,sap,1,56
blood,KOSORONG,saya,1,60
blood,MINDIK,sep,1,56
blood,BURUM,sep,1,56
blood,ONO,weNemi,3,58
blood,KOMBA,sep,1,56
blood,SELEPET,hep,1,56
blood,TIMBE,gilom,4,57
blood,NABAK,sip,1,56
blood,MOMOLILI,sip,1,56
bone,KATE,sie7,1,63
bone,MAPE_2,siak,1,63
bone,DEDUA,sir,1,62
bone,HUBE,sigl~,1,64
bone,TOBO,sihit,1,61
bone,KOSORONG,sita,1,62
bone,MINDIK,sihit,1,61
bone,BURUM,sihit,1,61
bone,ONO,set,1,62
bone,KOMBA,ton,2,66
bone,SELEPET,hahit,1,61
bone,TIMBE,hahit,1,61
bone,NABAK,kanc~iN,3,65
bone,MOMOLILI,siet,1,61
fat,KATE,wokemaN,1,144
fat,MAPE_2,wici,2,145
fat,DEDUA,wokemaN,1,144
fat,HUBE,harek,3,143
fat,TOBO,kalak,3,143
fat,KOSORONG,kelega,3,143
fat,MINDIK,kelok,3,143
fat,BURUM,kelok,3,143
fat,ONO,kelok,3,143
fat,KOMBA,kelok,3,143
fat,SELEPET,kelu,3,143
fat,TIMBE,kelu,3,143
fat,NABAK,kerak,3,143
fat,MOMOLILI,ker3k,3,143
tail,KATE,ge7,1,449
tail,MAPE_2,ci,2,448
tail,DEDUA,ci,2,448
tail,HUBE,ci,2,448
tail,TOBO,ci,2,448
tail,KOSORONG,dai,2,447
tail,MINDIK,lou,3,450
tail,BURUM,dai,2,447
tail,ONO,dai,2,447
tail,KOMBA,da,2,447
tail,SELEPET,hape,4,447
tail,TIMBE,dape,4,447
tail,NABAK,dak,5,447
tail,MOMOLILI,dak,5,447
hair,KATE,cowo,1,179
hair,MAPE_2,kaNcaN,2,181
hair,DEDUA,cowe,1,179
hair,HUBE,cu,3,179
hair,TOBO,cu,3,179
hair,KOSORONG,cui,3,179
hair,MINDIK,cup,3,179
hair,BURUM,cup,3,179
hair,ONO,cou,3,179
hair,KOMBA,somot,4,180
hair,SELEPET,somot,4,180
hair,TIMBE,dumut,4,180
hair,NABAK,cup,3,179
hair,MOMOLILI,cup,3,179
head,KATE,kp~ice7,1,188
head,MAPE_2,kp~oru,2,192
head,DEDUA,fufu,3,195
head,HUBE,ogu,4,194
head,TOBO,norok,5,186
head,KOSORONG,osoga,6,193
head,MINDIK,noruk,5,186
head,BURUM,noruk,5,186
head,ONO,lewit,7,190
head,KOMBA,kauk,8,187
head,SELEPET,kun,9,189
head,TIMBE,kaut,8,187
head,NABAK,Nokanci,9,191
head,MOMOLILI,nok,10,186
ear,KATE,hace7,1,126
ear,MAPE_2,kace,1,127
ear,DEDUA,heca,1,125
ear,HUBE,geca,1,124
ear,TOBO,kesap,1,124
ear,KOSORONG,geca,1,124
ear,MINDIK,kecap,1,124
ear,BURUM,kecap,1,124
ear,ONO,ket,1,124
ear,KOMBA,kidap,1,124
ear,SELEPET,odop,2,124
ear,TIMBE,odop,2,124
ear,NABAK,wak,3,129
ear,MOMOLILI,b3b3t,4,128
eye,KATE,coNe,1,139
eye,MAPE_2,ciNo,1,139
eye,DEDUA,kiwa,2,140
eye,HUBE,kiwa,2,140
eye,TOBO,kp~at,3,142
eye,KOSORONG,ca,4,139
eye,MINDIK,ce,4,139
eye,BURUM,ce,4,139
eye,ONO,dei,4,141
eye,KOMBA,si,4,139
eye,SELEPET,sen,4,139
eye,TIMBE,dewun,5,139
eye,NABAK,ci,4,139
eye,MOMOLILI,ci,4,139
nose,KATE,soke,1,306
nose,MAPE_2,siko,1,306
nose,DEDUA,soge,1,306
nose,HUBE,sere,2,305
nose,TOBO,sohori,3,305
nose,KOSORONG,sewaN,4,311
nose,MINDIK,soNgoro,3,305
nose,BURUM,sohoro,3,305
nose,ONO,sot,5,308
nose,KOMBA,sogon,3,306
nose,SELEPET,home,6,307
nose,TIMBE,home,6,307
nose,NABAK,NiN3N,7,309
nose,MOMOLILI,siNg~eN,8,310
tooth,KATE,mi7,1,479
tooth,MAPE_2,misio,2,478
tooth,DEDUA,enar,3,480
tooth,HUBE,cegl~,4,477
tooth,TOBO,cot,4,477
tooth,KOSORONG,cot,4,477
tooth,MINDIK,cot,4,477
tooth,BURUM,cit,4,477
tooth,ONO,Net,5,477
tooth,KOMBA,sot,4,477
tooth,SELEPET,sot,4,477
tooth,TIMBE,dot,4,477
tooth,NABAK,cet,4,477
tooth,MOMOLILI,c3t,4,477
tongue,KATE,nameN,1,473
tongue,MAPE_2,eroN,2,476
tongue,DEDUA,nameN,1,473
tongue,HUBE,eceraN,3,470
tongue,TOBO,ecelom,3,470
tongue,KOSORONG,neselaN,3,470
tongue,MINDIK,nesolam,3,470
tongue,BURUM,neselam,3,470
tongue,ONO,belakami,4,475
tongue,KOMBA,nobolam,3,471
tongue,SELEPET,nibilam,3,471
tongue,TIMBE,elewot,5,474
tongue,NABAK,namb~arem,3,472
tongue,MOMOLILI,namb~alaN,3,472
claw,KATE,misiN,1,83
claw,MAPE_2,yuyuN,2,78
claw,DEDUA,boN,3,81
claw,HUBE,boNsewe,3,80
claw,TOBO,kawon,4,73
claw,KOSORONG,kosi,5,79
claw,MINDIK,kesot,6,77
claw,BURUM,kambo,7,82
claw,ONO,zolip,8,74
claw,KOMBA,pakit,9,72
claw,SELEPET,pekat,9,72
claw,TIMBE,pekat,9,72
claw,NABAK,p3luk,10,75
claw,MOMOLILI,ciNg3Ng3N,11,76
foot,KATE,kike,1,148
foot,MAPE_2,kigo,1,148
foot,DEDUA,hani,2,146
foot,HUBE,heni,2,146
foot,TOBO,kani,2,146
foot,KOSORONG,kani,2,146
foot,MINDIK,kana,2,146
foot,BURUM,kana,2,146
foot,ONO,ki,1,147
foot,KOMBA,ki,1,147
foot,SELEPET,koi,1,147
foot,TIMBE,kei,1,147
foot,NABAK,set,3,149
foot,MOMOLILI,k3t,4,150
knee,KATE,dieN,1,214
knee,MAPE_2,dieN,1,214
knee,DEDUA,fakuruN,2,215
knee,HUBE,simiN,3,212
knee,TOBO,simin,3,212
knee,KOSORONG,simiN,3,212
knee,MINDIK,simin,3,212
knee,BURUM,simin,3,212
knee,ONO,wawet,4,213
knee,KOMBA,simin,3,212
knee,SELEPET,pawut,5,213
knee,TIMBE,powut,5,213
knee,NABAK,kpet,6,216
knee,MOMOLILI,kpekakpat3,7,217
hand,KATE,me,1,182
hand,MAPE_2,me,1,182
hand,DEDUA,mari,2,182
hand,HUBE,meri,2,182
hand,TOBO,moro,2,182
hand,KOSORONG,borok,3,184
hand,MINDIK,cot,4,185
hand,BURUM,boro,2,184
hand,ONO,me,1,182
hand,KOMBA,bit,5,183
hand,SELEPET,bot,5,183
hand,TIMBE,bot,5,183
hand,NABAK,bet,5,183
hand,MOMOLILI,b3t,5,183
belly,KATE,bu,1,22
belly,MAPE_2,ata,2,21
belly,DEDUA,kera,3,19
belly,HUBE,tomeN,4,23
belly,TOBO,kerap,3,19
belly,KOSORONG,keri,3,19
belly,MINDIK,irip,5,18
belly,BURUM,golom,6,24
belly,ONO,kai,7,20
belly,KOMBA,tip,8,18
belly,SELEPET,tep,8,18
belly,TIMBE,tep,8,18
belly,NABAK,tip,8,18
belly,MOMOLILI,tip,8,18
neck,KATE,upe,1,278
neck,MAPE_2,upe,1,278
neck,DEDUA,upe,1,278
neck,HUBE,ebasi~gla,2,286
neck,TOBO,cel,3,281
neck,KOSORONG,are,4,284
neck,MINDIK,col,3,280
neck,BURUM,col,3,280
neck,ONO,ebi,1,283
neck,KOMBA,godu,5,285
neck,SELEPET,obe,1,278
neck,TIMBE,han,6,282
neck,NABAK,Nande,7,279
neck,MOMOLILI,andeN,7,279
breast,KATE,moN,1,69
breast,MAPE_2,moN,1,69
breast,DEDUA,namu,2,67
breast,HUBE,namu,2,67
breast,TOBO,namo,2,67
breast,KOSORONG,acu,3,68
breast,MINDIK,cucu,3,68
breast,BURUM,cucu,3,68
breast,ONO,Namu,2,67
breast,KOMBA,nam,2,67
breast,SELEPET,nam,2,67
breast,TIMBE,nam,2,67
breast,NABAK,nam,2,67
breast,MOMOLILI,nam,2,67
heart,KATE,bu hondoN,1,204
heart,MAPE_2,maki koruN,2,199
heart,DEDUA,woso honduN,3,205
heart,HUBE,webogokme,4,200
heart,TOBO,wel bot,5,196
heart,KOSORONG,bakota,6,203
heart,MINDIK,wel bot,5,196
heart,BURUM,wel bot,5,196
heart,ONO,kombaNi,7,202
heart,KOMBA,kabiam,8,197
heart,SELEPET,kabiam,8,197
heart,TIMBE,okot,9,201
heart,NABAK,gum k3t,10,198
heart,MOMOLILI,wemb3 k3t,11,198
eat,KATE,no,1,138
eat,MAPE_2,na,1,138
eat,DEDUA,ne,1,138
eat,HUBE,ne,1,138
eat,TOBO,ne,1,138
eat,KOSORONG,ne,1,138
eat,MINDIK,ne,1,138
eat,BURUM,ne,1,138
eat,ONO,ni,1,138
eat,KOMBA,ni,1,138
eat,SELEPET,ni,1,138
eat,TIMBE,ni,1,138
eat,NABAK,ni,1,138
eat,MOMOLILI,nin,1,138
bite,KATE,ki,1,42
bite,MAPE_2,ki,1,42
bite,DEDUA,ki,1,42
bite,HUBE,ki,1,42
bite,TOBO,ki,1,42
bite,KOSORONG,ki,1,42
bite,MINDIK,yoho,2,43
bite,BURUM,yoho,2,43
bite,ONO,ki,1,42
bite,KOMBA,zihi,2,43
bite,SELEPET,ihi,2,43
bite,TIMBE,ihi,2,43
bite,NABAK,i,2,44
bite,MOMOLILI,ye,3,45
see,KATE,honenu,1,375
see,MAPE_2,Nonenu,1,375
see,DEDUA,nen,2,374
see,HUBE,ni,3,374
see,TOBO,nen,2,374
see,KOSORONG,ni,3,374
see,MINDIK,nek,4,374
see,BURUM,nek,4,374
see,ONO,nan,2,374
see,KOMBA,nek,4,374
see,SELEPET,nek,4,374
see,TIMBE,nek,4,374
see,NABAK,ni,3,374
see,MOMOLILI,n3x3i,5,376
know,KATE,mana,1,221
know,MAPE_2,mane,1,221
know,DEDUA,negen,2,218
know,HUBE,nin,3,218
know,TOBO,nin,3,218
know,KOSORONG,mo,4,219
know,MINDIK,mo,4,219
know,BURUM,ma,4,219
know,ONO,deri,5,222
know,KOMBA,naga,6,220
know,SELEPET,naga,6,220
know,TIMBE,nogo,6,220
know,NABAK,noi,7,223
know,MOMOLILI,niNge,6,224
sleep,KATE,fo,1,401
sleep,MAPE_2,kp~e,2,399
sleep,DEDUA,fe,1,394
sleep,HUBE,fe,1,402
sleep,TOBO,goohe,3,395
sleep,KOSORONG,e,1,393
sleep,MINDIK,aho,4,392
sleep,BURUM,aho,4,392
sleep,ONO,pa,5,394
sleep,KOMBA,zi,6,400
sleep,SELEPET,i,6,393
sleep,TIMBE,ye,6,396
sleep,NABAK,we,7,397
sleep,MOMOLILI,we,7,398
die,KATE,homo,1,107
die,MAPE_2,kome,1,107
die,DEDUA,home,1,107
die,HUBE,humu,1,107
die,TOBO,komu,1,107
die,KOSORONG,komu,1,107
die,MINDIK,komu,1,107
die,BURUM,komu,1,107
die,ONO,seuki,2,110
die,KOMBA,mu,3,108
die,SELEPET,mu,3,108
die,TIMBE,mo,3,108
die,NABAK,g3ki,4,109
die,MOMOLILI,g3ki,4,109
come,KATE,wefu,1,106
come,MAPE_2,wape,2,102
come,DEDUA,ere,3,103
come,HUBE,ere,3,103
come,TOBO,ka,4,101
come,KOSORONG,wa,5,102
come,MINDIK,ka,4,101
come,BURUM,ka,4,101
come,ONO,sa,6,104
come,KOMBA,ga,4,101
come,SELEPET,ga,4,101
come,TIMBE,gu,4,101
come,NABAK,kpe,7,105
come,MOMOLILI,ko,8,101
sit,KATE,Ne,1,383
sit,MAPE_2,Ne,1,383
sit,DEDUA,tak,2,382
sit,HUBE,tak,2,382
sit,TOBO,ta,2,382
sit,KOSORONG,ra,2,385
sit,MINDIK,ta,2,382
sit,BURUM,ta,2,382
sit,ONO,meri,3,384
sit,KOMBA,ta,2,382
sit,SELEPET,ta,2,382
sit,TIMBE,ta,2,382
sit,NABAK,ta,2,382
sit,MOMOLILI,ta,2,382
stand,KATE,doma,1,421
stand,MAPE_2,dimi,1,421
stand,DEDUA,nan,2,420
stand,HUBE,nan,2,420
stand,TOBO,nan,2,420
stand,KOSORONG,nan,2,420
stand,MINDIK,kin,3,420
stand,BURUM,kin,3,420
stand,ONO,okore,4,423
stand,KOMBA,kin,3,420
stand,SELEPET,kin,3,420
stand,TIMBE,kin,3,420
stand,NABAK,ta,5,422
stand,MOMOLILI,ta,5,422
give,KATE,nare,1,158
give,MAPE_2,nare,1,158
give,DEDUA,nen,2,157
give,HUBE,nen,2,157
give,TOBO,nem,2,157
give,KOSORONG,non,2,157
give,MINDIK,niNgi,3,158
give,BURUM,niNgi,3,158
give,ONO,nin,2,157
give,KOMBA,nih,3,159
give,SELEPET,nihi,3,159
give,TIMBE,niN,3,157
give,NABAK,nai,4,159
give,MOMOLILI,naka,5,158
say,KATE,mu,1,369
say,MAPE_2,mi,1,369
say,DEDUA,de,2,373
say,HUBE,ce,2,368
say,TOBO,ci,2,368
say,KOSORONG,co,2,368
say,MINDIK,ci,2,368
say,BURUM,ci,2,368
say,ONO,ra,3,371
say,KOMBA,s,2,372
say,SELEPET,y,2,370
say,TIMBE,ma,4,369
say,NABAK,cei,2,368
say,MOMOLILI,c3,2,368
sun,KATE,coaN,1,445
sun,MAPE_2,wegi,2,443
sun,DEDUA,wonak,3,446
sun,HUBE,kaiwe,4,438
sun,TOBO,kaiwe,4,438
sun,KOSORONG,weN,5,437
sun,MINDIK,wehon,6,437
sun,BURUM,welgon,6,437
sun,ONO,kaiwe,4,442
sun,KOMBA,mirosiN,7,444
sun,SELEPET,dewuto,8,441
sun,TIMBE,poiap,9,440
sun,NABAK,k3suk,10,439
sun,MOMOLILI,k3su,11,439
moon,KATE,mosa,1,262
moon,MAPE_2,mosa,1,262
moon,DEDUA,afo,2,268
moon,HUBE,komoN,3,267
moon,TOBO,kombol,3,263
moon,KOSORONG,koiN,4,260
moon,MINDIK,kaiN,4,260
moon,BURUM,kain,4,260
moon,ONO,meso,1,266
moon,KOMBA,kain,4,260
moon,SELEPET,emesenNe,5,265
moon,TIMBE,dewuto hodohon gotNe,6,264
moon,NABAK,eyoNge,7,261
moon,MOMOLILI,3yoNga,7,261
star,KATE,bopiN,1,425
star,MAPE_2,bopiN,1,425
star,DEDUA,bopiN,1,425
star,HUBE,sikiru,2,424
star,TOBO,sekelo,2,424
star,KOSORONG,seNgeleu,2,424
star,MINDIK,seNgelau,2,424
star,BURUM,seNgelau,2,424
star,ONO,serekiN,3,427
star,KOMBA,segelak,2,424
star,SELEPET,petu,4,426
star,TIMBE,pituN,4,426
star,NABAK,wenzim,5,428
star,MOMOLILI,c3m3rinc~3,6,429
water,KATE,opo,1,499
water,MAPE_2,owu,2,499
water,DEDUA,doku,3,498
water,HUBE,doku,3,498
water,TOBO,duku,3,498
water,KOSORONG,apuk,4,500
water,MINDIK,ou,2,499
water,BURUM,ou,2,499
water,ONO,doku,3,498
water,KOMBA,to,5,498
water,SELEPET,to,5,498
water,TIMBE,tu,5,498
water,NABAK,tu,5,498
water,MOMOLILI,tu,5,498
rain,KATE,hoe,1,329
rain,MAPE_2,kue,1,329
rain,DEDUA,kia,1,329
rain,HUBE,kia,1,329
rain,TOBO,kia,1,329
rain,KOSORONG,koN,2,333
rain,MINDIK,kie,1,329
rain,BURUM,kie,1,329
rain,ONO,koia,1,329
rain,KOMBA,map,3,330
rain,SELEPET,gelok,4,332
rain,TIMBE,tonok,5,331
rain,NABAK,map,3,330
rain,MOMOLILI,ma,3,330
stone,KATE,kp~ono,1,435
stone,MAPE_2,kok,2,430
stone,DEDUA,hok,2,430
stone,HUBE,gokmea,3,436
stone,TOBO,baNa,4,432
stone,KOSORONG,camok,5,434
stone,MINDIK,kot,6,430
stone,BURUM,kot,6,430
stone,ONO,wesi,7,433
stone,KOMBA,kot,6,430
stone,SELEPET,kot,6,430
stone,TIMBE,kot,6,430
stone,NABAK,nanc~3N,8,431
stone,MOMOLILI,nanc~a,8,431
sand,KATE,moNgeN,1,363
sand,MAPE_2,mageN,1,363
sand,DEDUA,moNgeN,1,363
sand,HUBE,sakesa,2,364
sand,TOBO,sak,2,362
sand,KOSORONG,sakasiN,2,364
sand,MINDIK,sakosiN,2,364
sand,BURUM,sak,2,362
sand,ONO,gb~alak,3,367
sand,KOMBA,sak,2,362
sand,SELEPET,sak,2,362
sand,TIMBE,sak,2,362
sand,NABAK,gambibit,4,366
sand,MOMOLILI,gaNa,5,365
earth,KATE,moreN,1,133
earth,MAPE_2,moreN,1,133
earth,DEDUA,baNek,2,131
earth,HUBE,baek,2,131
earth,TOBO,bait,2,131
earth,KOSORONG,namok,3,136
earth,MINDIK,baloN,4,135
earth,BURUM,golme,5,137
earth,ONO,kepe,6,134
earth,KOMBA,an,7,130
earth,SELEPET,hon,7,130
earth,TIMBE,hon,7,130
earth,NABAK,misat,8,132
earth,MOMOLILI,misa,8,132
cloud,KATE,karora7,1,91
cloud,MAPE_2,goweN,2,89
cloud,DEDUA,kurumeN,3,92
cloud,HUBE,hosesu,4,84
cloud,TOBO,kosu,4,84
cloud,KOSORONG,kosuk,4,84
cloud,MINDIK,kousu,4,84
cloud,BURUM,kousu,4,84
cloud,ONO,kezoN,5,84
cloud,KOMBA,sasa,6,90
cloud,SELEPET,elem,7,86
cloud,TIMBE,hamadat,8,85
cloud,NABAK,canca,9,87
cloud,MOMOLILI,kumbu,10,88
smoke,KATE,hoso7,1,415
smoke,MAPE_2,kosok,1,415
smoke,DEDUA,husuk,1,415
smoke,HUBE,hofak,1,417
smoke,TOBO,kasak,1,415
smoke,KOSORONG,kasok,1,415
smoke,MINDIK,kowak,1,415
smoke,BURUM,kasak,1,415
smoke,ONO,Naup,2,418
smoke,KOMBA,mudo,3,416
smoke,SELEPET,utun,4,416
smoke,TIMBE,dowok,5,419
smoke,NABAK,k3s3k,1,415
smoke,MOMOLILI,k3s3,1,415
ash,KATE,cafe,1,15
ash,MAPE_2,cafe,1,15
ash,DEDUA,hama,2,14
ash,HUBE,homa,2,14
ash,TOBO,kama,2,14
ash,KOSORONG,tok,3,17
ash,MINDIK,kau,4,13
ash,BURUM,kau,4,13
ash,ONO,kau,4,13
ash,KOMBA,kau,4,13
ash,SELEPET,kou,4,13
ash,TIMBE,kau,4,13
ash,NABAK,kou,4,13
ash,MOMOLILI,cita,5,16
burn,KATE,ca,1,70
burn,MAPE_2,ca,1,70
burn,DEDUA,ca,1,70
burn,HUBE,ce,1,70
burn,TOBO,ce,1,70
burn,KOSORONG,ce,1,70
burn,MINDIK,ce,1,70
burn,BURUM,ce,1,70
burn,ONO,ci,1,70
burn,KOMBA,si,1,70
burn,SELEPET,si,1,70
burn,TIMBE,o,2,71
burn,NABAK,ci,1,70
burn,MOMOLILI,ci,1,70
road,KATE,hata,1,344
road,MAPE_2,kari,2,344
road,DEDUA,siN,3,349
road,HUBE,hena,4,342
road,TOBO,kona,4,342
road,KOSORONG,kanak,4,342
road,MINDIK,kona,4,342
road,BURUM,kona,4,342
road,ONO,numa,5,346
road,KOMBA,motop,6,343
road,SELEPET,giop,7,345
road,TIMBE,dop,8,343
road,NABAK,set,9,347
road,MOMOLILI,k3,4,348
mountain,KATE,tiki,1,271
mountain,MAPE_2,tiki,1,271
mountain,DEDUA,tiki,1,271
mountain,HUBE,boNa,2,270
mountain,TOBO,bohoNa,2,270
mountain,KOSORONG,baNa,2,270
mountain,MINDIK,kunduNi,3,269
mountain,BURUM,kunduNi,3,269
mountain,ONO,bonaga,2,270
mountain,KOMBA,kakNa,4,272
mountain,SELEPET,giboNe,5,269
mountain,TIMBE,giboNe,5,269
mountain,NABAK,kal3N,6,269
mountain,MOMOLILI,kalaN,6,269
red,KATE,boboroN,1,336
red,MAPE_2,boboroN,1,336
red,DEDUA,sak sak,2,341
red,HUBE,pesia,3,334
red,TOBO,posoha,3,334
red,KOSORONG,osoga,4,334
red,MINDIK,posikNi,3,334
red,BURUM,pisikNi,3,334
red,ONO,weNemka,5,338
red,KOMBA,kuriN,6,335
red,SELEPET,kuriN,6,335
red,TIMBE,gilomNe,7,337
red,NABAK,Nam3N,8,339
red,MOMOLILI,kukN,9,340
green,KATE,oroNbori7,1,173
green,MAPE_2,buge,2,175
green,DEDUA,oroNborik,1,173
green,HUBE,gerik meria,3,176
green,TOBO,asoNa,4,170
green,KOSORONG,asoN asoN,4,172
green,MINDIK,toNgon toNgon,5,172
green,BURUM,gorokNi,6,174
green,ONO,wisika,7,170
green,KOMBA,wohon wohon,8,178
green,SELEPET,golo,9,171
green,TIMBE,golo,9,171
green,NABAK,araN3N,10,177
green,MOMOLILI,kokN,11,174
yellow,KATE,boNeNne,1,541
yellow,MAPE_2,boboNeN,1,538
yellow,DEDUA,cagea,2,542
yellow,HUBE,gb~aok gb~aok,3,535
yellow,TOBO,gb~aot gb~aot,3,535
yellow,KOSORONG,gogokota,4,539
yellow,MINDIK,gibaNi,5,534
yellow,BURUM,gohotNi,4,536
yellow,ONO,yaNaike,6,537
yellow,KOMBA,gibaN gibaN,7,540
yellow,SELEPET,gibaN,7,534
yellow,TIMBE,gibaN,7,534
yellow,NABAK,araraN,8,534
yellow,MOMOLILI,alaN,8,534
white,KATE,kp~aN kp~aN,1,515
white,MAPE_2,kp~aN kp~aN,1,515
white,DEDUA,koNak,2,521
white,HUBE,rarak,3,520
white,TOBO,lalap,3,518
white,KOSORONG,tataNkota,4,516
white,MINDIK,toatNi,5,512
white,BURUM,tuatNi,5,512
white,ONO,libeka,6,519
white,KOMBA,kau kau,7,517
white,SELEPET,kaok,7,513
white,TIMBE,kau,7,513
white,NABAK,satn3N,8,514
white,MOMOLILI,sagatn,8,514
black,KATE,gogopo7,1,48
black,MAPE_2,gogowuk,1,48
black,DEDUA,cacu,2,51
black,HUBE,capera,3,46
black,TOBO,capala,3,46
black,KOSORONG,incaNa,4,49
black,MINDIK,incaNi,4,49
black,BURUM,towuNi,5,55
black,ONO,dika,6,52
black,KOMBA,sumun sumun,7,50
black,SELEPET,heleN,8,47
black,TIMBE,heleN,8,47
black,NABAK,sopm3N,9,53
black,MOMOLILI,s3mbopm,10,54
night,KATE,Nafe,1,304
night,MAPE_2,uwu,2,302
night,DEDUA,tofonak,3,297
night,HUBE,siNi,4,295
night,TOBO,siNiaha,4,295
night,KOSORONG,ketek,5,303
night,MINDIK,suNgem,6,295
night,BURUM,suNgem,6,295
night,ONO,ruwo,7,299
night,KOMBA,Natik,8,296
night,SELEPET,omoN,9,298
night,TIMBE,hadok,10,296
night,NABAK,t3mb~uyat,11,300
night,MOMOLILI,mimb~a,12,301
hot,KATE,co7,1,211
hot,MAPE_2,foro,2,210
hot,DEDUA,gerek,3,206
hot,HUBE,gerik,3,206
hot,TOBO,girua,3,206
hot,KOSORONG,gerek,3,206
hot,MINDIK,konop,4,208
hot,BURUM,kondop,4,208
hot,ONO,gerep,3,208
hot,KOMBA,korop,4,207
hot,SELEPET,kolop,4,207
hot,TIMBE,kolop,4,207
hot,NABAK,tecin,5,209
hot,MOMOLILI,teci,5,209
cold,KATE,moteNne,1,93
cold,MAPE_2,moteNne,1,93
cold,DEDUA,moteNa,1,93
cold,HUBE,sageNa,2,95
cold,TOBO,saNgeN,2,95
cold,KOSORONG,oloNa,3,94
cold,MINDIK,hamotNi,4,98
cold,BURUM,ciNim,5,100
cold,ONO,momoine,6,93
cold,KOMBA,poteN,7,99
cold,SELEPET,bolopNe,8,94
cold,TIMBE,bolopNe,8,94
cold,NABAK,bakN3N,9,96
cold,MOMOLILI,tak3N,10,97
full,KATE,fuse,1,154
full,MAPE_2,fuse,1,154
full,DEDUA,wake,2,156
full,HUBE,koia kp~e,3,151
full,TOBO,koia kp~e,3,151
full,KOSORONG,sa kp~e,4,151
full,MINDIK,koko kp~e,5,151
full,BURUM,kokolak kp~e,5,151
full,ONO,weTgi,6,155
full,KOMBA,pik,7,152
full,SELEPET,pik,7,152
full,TIMBE,pik,7,152
full,NABAK,cece kpe,8,153
full,MOMOLILI,c3c3 ko,8,153
new,KATE,gb~orine,1,287
new,MAPE_2,gb~oine,1,287
new,DEDUA,gb~oria,1,287
new,HUBE,gb~eria,1,288
new,TOBO,gb~ilik,1,288
new,KOSORONG,gb~ilia,1,288
new,MINDIK,dolokNi,2,290
new,BURUM,dolokNi,2,290
new,ONO,wele,3,292
new,KOMBA,irakNo,2,289
new,SELEPET,oiNe,4,291
new,TIMBE,irakNe,2,289
new,NABAK,arakN3N,2,293
new,MOMOLILI,gor3N,5,294
good,KATE,biaNne,1,167
good,MAPE_2,fine,2,165
good,DEDUA,gombuNa,3,169
good,HUBE,fia,2,168
good,TOBO,eha,4,161
good,KOSORONG,aua,5,166
good,MINDIK,olpNi,6,160
good,BURUM,olpNi,6,160
good,ONO,maine,7,162
good,KOMBA,olipNo,6,160
good,SELEPET,olipNe,6,160
good,TIMBE,olipNe,6,160
good,NABAK,kp~emben3N,8,163
good,MOMOLILI,saNgam,9,164
round,KATE,oroN oroN,1,356
round,MAPE_2,oroN,1,358
round,DEDUA,oroN,1,358
round,HUBE,rerek rerek,2,357
round,TOBO,koroN koroN,1,356
round,KOSORONG,lilik lilik,2,357
round,MINDIK,lilik lilik,2,357
round,BURUM,lambo,3,359
round,ONO,lolik lolik,2,357
round,KOMBA,gawoN gawoN,4,356
round,SELEPET,gawoN gawoN,4,356
round,TIMBE,gawoN gawoN,4,356
round,NABAK,kililiN,5,361
round,MOMOLILI,warag3n,6,360
dry,KATE,kereNke,1,117
dry,MAPE_2,ciga,2,118
dry,DEDUA,kereN,1,117
dry,HUBE,irege,3,117
dry,TOBO,cipko,4,118
dry,KOSORONG,tobori,5,123
dry,MINDIK,oroNgo,6,117
dry,BURUM,oroNgo,6,117
dry,ONO,cipki,4,118
dry,KOMBA,araroN,6,119
dry,SELEPET,horoN,6,119
dry,TIMBE,kamili,7,120
dry,NABAK,ko,8,121
dry,MOMOLILI,alaNg3,6,122
name,KATE,coNe,1,276
name,MAPE_2,ciNo,1,276
name,DEDUA,kiwa,2,274
name,HUBE,kiwa,2,274
name,TOBO,kiwa,2,274
name,KOSORONG,cakota,3,275
name,MINDIK,kurap,4,273
name,BURUM,kp~et,5,273
name,ONO,dei,6,277
name,KOMBA,kut,7,273
name,SELEPET,kut,7,273
name,TIMBE,kot,7,273
name,NABAK,cik3t,3,275
name,MOMOLILI,kot,7,273
